342 οΝ011118710οΝ TERENTIANVM.

Pl. 784. 813. 986. 987. 1014. Ρο111111110(Π1010010)(001.) An.
10371016 13. Perinthiam ,4109
Neptunus Neptuni Ad. 790 Phaedria (Φαιδρίας) Eu. 81982.
*1710000100 (maioma) 11101110- ΡΙι. 80. 475. 484. 830. 833.
tum 011187 1054. (000.) Eu. 80. 95. 144.
Oedipus (01601000)Αο 104 148. 171. 190. 210. 651. 678.
0011111010 (Ὀμφάλη) Omphalae 087. 715. 1073. 1080. ΡΙι. 154.
Eu. 1027 173. 208. 222. 247. 257. 269,

. Pamphila (Παμφίλη) Ad. 010. 309. 499. 503. 532. 558. Phao-

Ρο1110111101118οΑ40. 442624. driam Eu. 440. 441. Pp. 64.

700. 827. 1000. 10. 010. 010. 000. Phaedriae 190...) nu. 004.

011 131. 024. 10. 000. (00.) hu.
Pamphilus (Πάμφιλος) An. 88. 1037. Ρ71.87. 597. 712. 778886.

131. 462. 851. 057. 965. Heo. 10361049. Ρ11003110(001.)Ειι.

00110. 111. 040. Pamphilo 201. 400

An. 254. 267. 286. 318. 321. Phaedrus (Φαῖδρος) Phaedrum

325. 344. 380. 409. 416. 017. 011086

675. 686. 871. 882. 933. 950. Phanio (Φανίας) An. 934. Heo.

965. 986. lieo. 290. 382. 389. 458. Phaniam An. 929. [1000.

395. 456. 482. 484. 504. 585. 169 ·

002. 613. 621. 635. 650. 664. Ρ11011111111(Φάαιον)ΡΙι. 3220100.)

671. 824. 855. 862. 864. Ρο111- 201. (acc ,)218. 316. 352. 782.

philum 010190. 145. 200. 227. Phanio 1²0. 872

234. 310. 338. 412. 685. 717. Ρ11000000100(Φο001ιράτης) Pho·

Heo. 173. 428. 575. 743. 752. 1100111100 11000 1061

796. 804. 808. Pamphili An. Phidippuo (Φείδιππος) Phidippo

549. 765. [100. 77. 152. 341. Hoc. 247. 256. 480. 497. 510.

Pamphilo (dat. ) An. 301. 429. 827. 708. 715. 771. 777. Ρ111-

486. 518. [100. 125. 774. 816. dip ppum Hec. 246. 449. 622.

(101.) Α... 100. 010. 101. 010. Phidippo 000. 010. 010

603. Hoc. 209 Ρ11110110(Φ110010)(000)110082.
Ρο11110110 (Παρμένων) Eu. 129. 84.Ρο110110111(1511180100)(000.)

570. 694. 700. 925. 974. 1050. [100. 89. 197. (000.) 81

Heu. 409. 878. (000.) Eu. 83. *Ρ11111010(Φιλτέρα) [1000. 062

99. 189. 221. 277. 280. 307. Philumena (4517000400) Hoc.

330. 351. 362. 369. 462. 964. 354. 414. 480. 588. (000.) 243.

975. 1020. 1034. [100. 82. 83. 325.632.Ρ111101110110111Αο.300.

103. 109. 131. 133. 149. 301. 1001. Hoc. 219. 320. 466, 809.

304. 314. 320. 340. 359. 410. 832. Ρ111101110110οΗ00.191.818.

808. 841. 875. 879. Διὶ. 168. 337. 349. 793

Ρο11110110110111 Εα 267. 270. Phormio (Φορμίων) Pl 27. 122.

304. 918 944. 1005. 12111110-ι 314. 476. 618. 692. 833. 897. ’

nomo Εα 718. Parmenone Eu 1048. (000. )317. 324. 437. 478.
608 620. 858. 875. 882. 900. 922.
'Pasiphilo (Πασιφίλη) An. 945 1050. Ρ110111110110111Ρο.20.307.

 

